ANH302: 1, 2, 3, 5, 6, 7, 14, 15, 16, 17, 18, 37, 38, 39, 41, 42, 43, 50, 51, 52, 53, 54, 
ANH304: 2, 3, 4, 5, 6, 7, 8, 14, 15, 18, 19, 38, 39, 44, 50, 51, 52, 53, 54, 55, 
ANH305: 1, 2, 3, 4, 5, 6, 13, 14, 15, 17, 37, 38, 39, 40, 41, 42, 49, 50, 51, 53, 
ANH313: 1, 3, 4, 5, 6, 13, 14, 15, 17, 18, 19, 39, 40, 41, 42, 49, 50, 51, 53, 54, 55, 
ANHAuditorium: 3, 39, 
GLC101: 2, 3, 4, 6, 14, 16, 17, 18, 38, 39, 40, 42, 50, 52, 53, 54, 
GLC106: 2, 5, 14, 15, 16, 17, 18, 38, 41, 50, 51, 52, 53, 54, 
GLC202: 1, 2, 4, 5, 13, 15, 16, 17, 37, 38, 40, 41, 49, 51, 52, 53, 
GLC204: 2, 38, 
GLC301: 1, 2, 5, 6, 14, 15, 16, 18, 37, 38, 41, 42, 50, 51, 52, 54, 
GLC302: 2, 3, 5, 13, 14, 15, 16, 17, 18, 38, 39, 41, 49, 50, 51, 52, 53, 54, 
GLC303: 2, 3, 4, 5, 6, 14, 15, 16, 17, 18, 38, 39, 40, 41, 42, 50, 51, 52, 53, 54, 
GLC304: 1, 2, 3, 4, 5, 6, 14, 15, 16, 17, 37, 38, 39, 40, 41, 42, 50, 51, 52, 53, 
GLC305: 1, 2, 4, 13, 14, 15, 16, 17, 18, 37, 38, 40, 49, 50, 51, 52, 53, 54, 
HCA2F: 14, 15, 17, 18, 19, 50, 51, 53, 
HDH303A: 2, 3, 4, 5, 6, 14, 15, 18, 37, 38, 39, 40, 41, 42, 50, 51, 54, 
HDH303B: 2, 3, 5, 6, 14, 15, 16, 17, 19, 38, 39, 41, 42, 50, 51, 52, 53, 55, 
HDH318: 2, 3, 4, 5, 6, 13, 14, 15, 17, 18, 38, 39, 42, 43, 44, 49, 50, 51, 
HDH320A: 1, 4, 5, 6, 7, 14, 37, 40, 41, 42, 50, 
HDH320B: 1, 3, 4, 5, 6, 14, 17, 18, 37, 39, 40, 41, 42, 50, 53, 54, 
HDH323C: 1, 3, 5, 6, 14, 15, 16, 17, 18, 37, 39, 41, 42, 50, 51, 52, 53, 54, 
HDH324: 2, 14, 15, 16, 17, 38, 50, 51, 52, 53, 
HDH326A: 2, 4, 5, 6, 14, 16, 17, 18, 19, 38, 40, 41, 42, 50, 
HDH402: 2, 3, 5, 6, 15, 16, 17, 18, 51, 52, 
HDH403: 1, 2, 3, 4, 5, 6, 7, 13, 14, 15, 16, 17, 18, 19, 37, 38, 39, 40, 41, 42, 43, 49, 50, 51, 52, 53, 
HDH418B: 2, 3, 4, 5, 6, 13, 14, 15, 18, 38, 39, 40, 41, 42, 44, 45, 49, 50, 51, 53, 54, 
HDH419: 37, 38, 39, 40, 41, 42, 
HDH424: 1, 2, 3, 5, 6, 14, 15, 17, 37, 38, 39, 41, 42, 50, 51, 53, 
HDH425B: 2, 3, 5, 14, 15, 17, 18, 38, 39, 41, 50, 51, 53, 54, 
NMH102B: 6, 7, 13, 18, 19, 49, 
NMH103A: 1, 2, 3, 4, 5, 6, 8, 9, 13, 14, 15, 17, 18, 37, 38, 39, 40, 41, 42, 49, 50, 51, 
NMH104A: 1, 2, 3, 5, 6, 14, 15, 17, 37, 38, 39, 41, 42, 50, 51, 53, 
NMH105: 1, 2, 3, 4, 5, 14, 15, 16, 17, 19, 20, 37, 38, 39, 40, 41, 50, 51, 52, 53, 
NMH106: 1, 2, 3, 4, 5, 6, 13, 14, 15, 16, 17, 37, 38, 39, 40, 41, 42, 49, 50, 51, 52, 53, 
NMH107: 1, 2, 3, 4, 5, 6, 8, 9, 13, 14, 15, 16, 17, 18, 37, 38, 39, 40, 41, 42, 44, 45, 49, 50, 51, 52, 
NMH108: 2, 14, 15, 16, 17, 18, 19, 38, 43, 50, 51, 52, 53, 
NMH109: 2, 3, 4, 5, 14, 15, 17, 38, 39, 40, 41, 50, 51, 53, 
NMH202: 1, 2, 4, 5, 6, 7, 14, 15, 17, 18, 19, 20, 38, 39, 41, 42, 50, 51, 53, 54, 
NMH204: 2, 3, 6, 7, 14, 15, 17, 18, 19, 20, 38, 39, 41, 42, 50, 51, 
NMH205B: 6, 7, 14, 15, 17, 18, 38, 39, 53, 54, 
NMH207: 1, 2, 3, 4, 5, 13, 14, 15, 16, 17, 37, 40, 41, 49, 50, 51, 52, 53, 
NMH208: 2, 3, 5, 6, 13, 14, 16, 17, 18, 19, 39, 40, 41, 42, 50, 51, 52, 53, 
NMH307: 1, 2, 3, 5, 6, 7, 8, 14, 15, 17, 20, 21, 37, 38, 39, 41, 42, 43, 44, 50, 51, 53, 56, 57, 
NMH309: 2, 3, 5, 6, 7, 14, 17, 18, 38, 39, 41, 50, 51, 52, 53, 
NMH310: 4, 5, 6, 10, 14, 16, 17, 22, 38, 39, 40, 41, 42, 46, 50, 52, 53, 58, 
NMH402: 2, 5, 6, 13, 14, 15, 16, 17, 38, 39, 40, 41, 42, 49, 50, 51, 53, 54, 
NMH403: 2, 3, 4, 5, 6, 7, 14, 15, 16, 38, 39, 40, 41, 42, 43, 50, 51, 52, 
NMH404: 2, 3, 4, 6, 14, 15, 16, 17, 18, 19, 38, 39, 40, 42, 50, 51, 
NMH405: 1, 2, 3, 4, 5, 14, 15, 16, 18, 20, 21, 37, 38, 39, 40, 41, 42, 43, 44, 45, 50, 51, 52, 54, 
NMH406: 16, 17, 18, 19, 
NMH410A: 2, 3, 4, 5, 6, 8, 9, 14, 15, 16, 17, 18, 21, 38, 39, 40, 41, 42, 44, 45, 50, 51, 52, 53, 54, 57, 
NMH410B: 1, 2, 3, 4, 5, 6, 14, 17, 18, 38, 39, 41, 42, 50, 52, 53, 
NMH411: 44, 45, 
NTH113: 16, 17, 
NTH118: 17, 18, 19, 53, 54, 55, 
NTH120B: 6, 17, 18, 19, 42, 43, 53, 54, 55, 
NTH211: 41, 42, 43, 44, 
NTH212: 1, 2, 3, 5, 6, 13, 14, 15, 17, 18, 19, 20, 37, 38, 39, 41, 42, 49, 50, 51, 53, 54, 55, 56, 
NTH213: 2, 3, 5, 6, 7, 14, 15, 16, 17, 18, 19, 32, 38, 39, 41, 42, 43, 44, 55, 
NTH214: 3, 4, 13, 15, 16, 39, 40, 49, 50, 51, 52, 53, 54, 55, 
NTH215: 5, 6, 7, 8, 41, 42, 43, 44, 
NTH217: 41, 42, 43, 44, 
NTH218: 2, 14, 38, 50, 
NTH220: 5, 6, 7, 8, 17, 18, 19, 20, 
NTH310: 2, 3, 4, 5, 6, 14, 15, 17, 28, 38, 39, 41, 42, 50, 51, 53, 55, 
NTH311: 2, 3, 4, 5, 14, 15, 16, 18, 28, 38, 39, 41, 50, 51, 52, 54, 
NTH313: 1, 2, 4, 5, 6, 14, 15, 16, 17, 18, 32, 37, 38, 41, 42, 50, 51, 53, 54, 55, 
NTH412: 2, 3, 6, 7, 32, 38, 39, 55, 
NTH413: 2, 4, 38, 40, 
NTH414: 14, 50, 
NTH417: 7, 8, 19, 20, 43, 44, 
OH302: 14, 15, 17, 18, 50, 51, 53, 54, 
OH305: 2, 3, 4, 5, 6, 14, 15, 17, 18, 38, 39, 42, 50, 51, 
OH306: 3, 5, 6, 14, 15, 16, 17, 18, 39, 41, 42, 50, 53, 54, 
OH401: 2, 3, 5, 6, 14, 15, 16, 17, 38, 39, 41, 42, 50, 51, 52, 53, 
OH402: 2, 4, 5, 13, 14, 15, 16, 17, 19, 38, 40, 41, 49, 50, 51, 55, 
OH403: 2, 3, 5, 13, 14, 15, 17, 38, 39, 41, 49, 50, 51, 53, 
OH405: 2, 3, 5, 6, 13, 14, 15, 16, 18, 38, 39, 40, 41, 42, 49, 50, 51, 52, 
OH420: 2, 3, 4, 5, 6, 14, 15, 17, 38, 39, 40, 41, 42, 53, 
OHMedia: 14, 15, 41, 
SU101: 5, 6, 38, 39, 41, 42, 56, 57,
